score system npt_6.0.gro  atoms 21087
train system npt_3.0.gro  R2 [0.757, 0.752, 0.755]
drift sigma 0.04  proposals per point 40  seed 7  kT 2.4943

radius 0.70  waters 44
  move    step    RMS nm     dU/kT     logH     accept
    rw   0.020    0.0020    11.689    0.000  8.386e-06
    rw   0.020    0.0020     9.760    0.000  5.774e-05
    rw   0.020    0.0020     7.028    0.000  8.863e-04
    rw   0.020    0.0020     7.542   -0.000  5.303e-04
    rw   0.020    0.0021     8.920    0.000  1.337e-04
    rw   0.020    0.0021    10.023    0.000  4.438e-05
    rw   0.020    0.0021    12.391    0.000  4.158e-06
    rw   0.020    0.0021     8.507    0.000  2.021e-04
    rw   0.020    0.0021     9.246    0.000  9.650e-05
    rw   0.020    0.0021    10.148    0.000  3.916e-05
    rw   0.020    0.0021    10.561    0.000  2.590e-05
    rw   0.020    0.0021     9.735    0.000  5.920e-05
    rw   0.020    0.0021     8.782    0.000  1.534e-04
    rw   0.020    0.0021    10.399    0.000  3.048e-05
    rw   0.020    0.0022     9.334    0.000  8.840e-05
    rw   0.020    0.0022     7.204    0.000  7.437e-04
    rw   0.020    0.0022     8.381    0.000  2.291e-04
    rw   0.020    0.0022     9.008    0.000  1.224e-04
    rw   0.020    0.0022     7.530    0.000  5.370e-04
    rw   0.020    0.0022     9.396    0.000  8.303e-05
    rw   0.020    0.0022    10.085    0.000  4.169e-05
    rw   0.020    0.0022     9.271    0.000  9.411e-05
    rw   0.020    0.0022     9.672    0.000  6.303e-05
    rw   0.020    0.0022    10.474    0.000  2.827e-05
    rw   0.020    0.0022     7.981    0.000  3.420e-04
    rw   0.020    0.0022    10.561    0.000  2.590e-05
    rw   0.020    0.0022     9.246    0.000  9.650e-05
    rw   0.020    0.0022     7.780    0.000  4.180e-04
    rw   0.020    0.0023     9.735    0.000  5.920e-05
    rw   0.020    0.0023    10.762    0.000  2.119e-05
    rw   0.020    0.0023     7.717    0.000  4.450e-04
    rw   0.020    0.0023    10.060    0.000  4.274e-05
    rw   0.020    0.0023     9.597    0.000  6.795e-05
    rw   0.020    0.0023    10.148    0.000  3.916e-05
    rw   0.020    0.0023     9.647    0.000  6.463e-05
    rw   0.020    0.0023    11.225    0.000  1.333e-05
    rw   0.020    0.0024     9.296    0.000  9.179e-05
    rw   0.020    0.0024     8.532    0.000  1.971e-04
    rw   0.020    0.0025    10.010    0.000  4.494e-05
    rw   0.020    0.0026    11.576    0.000  9.387e-06
    rw   0.040    0.0037    12.979    0.000  2.307e-06
    rw   0.040    0.0039     9.296    0.000  9.179e-05
    rw   0.040    0.0039    12.265    0.000  4.713e-06
    rw   0.040    0.0040     8.407    0.000  2.234e-04
    rw   0.040    0.0040    11.463    0.000  1.051e-05
    rw   0.040    0.0040    14.696    0.000  4.147e-07
    rw   0.040    0.0041    13.343    0.000  1.604e-06
    rw   0.040    0.0041    12.466    0.000  3.857e-06
    rw   0.040    0.0042     8.394    0.000  2.262e-04
    rw   0.040    0.0042    11.639    0.000  8.817e-06
    rw   0.040    0.0042    10.774    0.000  2.093e-05
    rw   0.040    0.0042    14.132    0.000  7.287e-07
    rw   0.040    0.0042    10.699    0.000  2.256e-05
    rw   0.040    0.0042    11.701    0.000  8.281e-06
    rw   0.040    0.0042    10.048    0.000  4.328e-05
    rw   0.040    0.0043    10.486    0.000  2.792e-05
    rw   0.040    0.0043    14.232    0.000  6.592e-07
    rw   0.040    0.0043    14.358    0.000  5.816e-07
    rw   0.040    0.0043    11.376    0.000  1.147e-05
    rw   0.040    0.0043    14.783    0.000  3.799e-07
    rw   0.040    0.0043     9.133    0.000  1.080e-04
    rw   0.040    0.0044    10.273    0.000  3.454e-05
    rw   0.040    0.0044    10.975    0.000  1.713e-05
    rw   0.040    0.0044     8.933    0.000  1.320e-04
    rw   0.040    0.0045     9.171    0.000  1.040e-04
    rw   0.040    0.0045    13.004    0.000  2.250e-06
    rw   0.040    0.0045    17.652    0.000  2.156e-08
    rw   0.040    0.0045    18.943    0.000  5.932e-09
    rw   0.040    0.0046    21.098    0.000  6.876e-10
    rw   0.040    0.0046    11.163    0.000  1.419e-05
    rw   0.040    0.0046    10.975    0.000  1.713e-05
    rw   0.040    0.0046    15.635    0.000  1.620e-07
    rw   0.040    0.0047    10.248    0.000  3.542e-05
    rw   0.040    0.0049    11.664    0.000  8.599e-06
    rw   0.040    0.0049    15.372    0.000  2.108e-07
    rw   0.040    0.0050    16.312    0.000  8.238e-08
    rw   0.040    0.0050    14.608    0.000  4.527e-07
    rw   0.040    0.0050    18.141    0.000  1.323e-08
    rw   0.040    0.0051    16.963    0.000  4.294e-08
    rw   0.040    0.0051    13.105    0.000  2.036e-06
    rw   0.060    0.0055    14.395    0.000  5.601e-07
    rw   0.060    0.0056    15.372    0.000  2.108e-07
    rw   0.060    0.0060    12.428    0.000  4.004e-06
    rw   0.060    0.0060    18.504    0.000  9.197e-09
    rw   0.060    0.0060    15.899    0.000  1.246e-07
    rw   0.060    0.0061    17.728    0.000  2.000e-08
    rw   0.060    0.0062    15.648    0.000  1.600e-07
    rw   0.060    0.0062    25.783    0.000  6.345e-12
    rw   0.060    0.0063    14.420    0.000  5.463e-07
    rw   0.060    0.0063    14.320    0.000  6.039e-07
    rw   0.060    0.0063    15.986    0.000  1.141e-07
    rw   0.060    0.0063    16.788    0.000  5.117e-08
    rw   0.060    0.0064    21.373    0.000  5.220e-10
    rw   0.060    0.0065    14.395    0.000  5.601e-07
    rw   0.060    0.0065    14.044    0.000  7.955e-07
    rw   0.060    0.0066    12.466    0.000  3.857e-06
    rw   0.060    0.0066    19.532    0.000  3.292e-09
    rw   0.060    0.0066    17.953    0.000  1.596e-08
    rw   0.060    0.0066    19.995    0.000  2.071e-09
    rw   0.060    0.0066    19.832    0.000  2.437e-09
    rw   0.060    0.0066    20.196    0.000  1.695e-09
    rw   0.060    0.0066    16.938    0.000  4.403e-08
    rw   0.060    0.0067    12.065    0.000  5.759e-06
    rw   0.060    0.0067    24.280    0.000  2.853e-11
    rw   0.060    0.0067    15.435    0.000  1.980e-07
    rw   0.060    0.0067    24.293    0.000  2.818e-11
    rw   0.060    0.0068    20.897    0.000  8.402e-10
    rw   0.060    0.0068    22.113    0.000  2.492e-10
    rw   0.060    0.0068    14.170    0.000  7.018e-07
    rw   0.060    0.0068     9.033    0.000  1.194e-04
    rw   0.060    0.0069    17.753    0.000  1.950e-08
    rw   0.060    0.0069    16.963    0.000  4.294e-08
    rw   0.060    0.0069    17.765    0.000  1.926e-08
    rw   0.060    0.0069    19.244    0.000  4.392e-09
    rw   0.060    0.0070    22.739    0.000  1.332e-10
    rw   0.060    0.0071    21.561    0.000  4.325e-10
    rw   0.060    0.0072    22.589    0.000  1.548e-10
    rw   0.060    0.0076    17.916    0.000  1.657e-08
    rw   0.060    0.0076    24.054    0.000  3.575e-11
    rw   0.060    0.0079    17.815    0.000  1.832e-08
    rw   0.090    0.0088    33.827    0.000  2.038e-15
    rw   0.090    0.0089    15.573    0.000  1.725e-07
    rw   0.090    0.0092    30.619    0.000  5.037e-14
    rw   0.090    0.0092    27.988    0.000  6.995e-13
    rw   0.090    0.0092    23.841    0.000  4.424e-11
    rw   0.090    0.0092    28.502    0.000  4.185e-13
    rw   0.090    0.0092    30.682    0.000  4.731e-14
    rw   0.090    0.0093    26.385    0.000  3.477e-12
    rw   0.090    0.0093    34.040    0.000  1.647e-15
    rw   0.090    0.0094    24.029    0.000  3.666e-11
    rw   0.090    0.0094    17.577    0.000  2.324e-08
    rw   0.090    0.0094    24.080    0.000  3.487e-11
    rw   0.090    0.0094    22.275    0.000  2.118e-10
    rw   0.090    0.0094    37.999    0.000  3.144e-17
    rw   0.090    0.0095    29.316    0.000  1.854e-13
    rw   0.090    0.0095    27.600    0.000  1.032e-12
    rw   0.090    0.0095    35.631    0.000  3.356e-16
    rw   0.090    0.0095    23.503    0.000  6.204e-11
    rw   0.090    0.0095    23.867    0.000  4.314e-11
    rw   0.090    0.0096    33.977    0.000  1.754e-15
    rw   0.090    0.0096    28.515    0.000  4.133e-13
    rw   0.090    0.0097    15.648    0.000  1.600e-07
    rw   0.090    0.0099    36.996    0.000  8.565e-17
    rw   0.090    0.0099    27.976    0.000  7.083e-13
    rw   0.090    0.0100    32.636    0.000  6.702e-15
    rw   0.090    0.0100    31.020    0.000  3.373e-14
    rw   0.090    0.0100    25.783    0.000  6.345e-12
    rw   0.090    0.0101    39.289    0.000  8.650e-18
    rw   0.090    0.0101    22.814    0.000  1.236e-10
    rw   0.090    0.0101    36.946    0.000  9.005e-17
    rw   0.090    0.0102    27.011    0.000  1.859e-12
    rw   0.090    0.0103    31.020    0.000  3.373e-14
    rw   0.090    0.0103    23.015    0.000  1.011e-10
    rw   0.090    0.0103    33.852    0.000  1.988e-15
    rw   0.090    0.0106    29.968    0.000  9.663e-14
    rw   0.090    0.0106    39.452    0.000  7.350e-18
    rw   0.090    0.0106    41.745    0.000  7.423e-19
    rw   0.090    0.0109    39.727    0.000  5.579e-18
    rw   0.090    0.0109    37.272    0.000  6.502e-17
    rw   0.090    0.0110    40.767    0.000  1.972e-18
    rw   0.120    0.0115    43.987    0.000  7.882e-20
    rw   0.120    0.0116    29.341    0.000  1.808e-13
    rw   0.120    0.0119    36.696    0.000  1.157e-16
    rw   0.120    0.0121    42.772    0.000  2.657e-19
    rw   0.120    0.0121    50.890    0.000  7.919e-23
    rw   0.120    0.0121    41.469    0.000  9.779e-19
    rw   0.120    0.0123    43.110    0.000  1.895e-19
    rw   0.120    0.0125    33.062    0.000  4.377e-15
    rw   0.120    0.0125    47.432    0.000  2.514e-21
    rw   0.120    0.0126    37.811   -0.000  3.794e-17
    rw   0.120    0.0126    39.264    0.000  8.870e-18
    rw   0.120    0.0127    36.533    0.000  1.362e-16
    rw   0.120    0.0127    56.728    0.000  2.308e-25
    rw   0.120    0.0128    36.094    0.000  2.111e-16
    rw   0.120    0.0128    40.742    0.000  2.022e-18
    rw   0.120    0.0128    30.356    0.000  6.553e-14
    rw   0.120    0.0128    47.545    0.000  2.246e-21
    rw   0.120    0.0128    58.583    0.000  3.613e-26
    rw   0.120    0.0130    46.819    0.000  4.645e-21
    rw   0.120    0.0130    48.598    0.000  7.841e-22
    rw   0.120    0.0130    58.658    0.000  3.351e-26
    rw   0.120    0.0130    36.132    0.000  2.033e-16
    rw   0.120    0.0131    35.004    0.000  6.278e-16
    rw   0.120    0.0132    44.075    0.000  7.220e-20
    rw   0.120    0.0133    39.978    0.000  4.343e-18
    rw   0.120    0.0136    56.440    0.000  3.078e-25
    rw   0.120    0.0136    33.864    0.000  1.963e-15
    rw   0.120    0.0137    37.986    0.000  3.183e-17
    rw   0.120    0.0137    46.969    0.000  3.997e-21
    rw   0.120    0.0138    45.666    0.000  1.471e-20
    rw   0.120    0.0140    34.967    0.000  6.519e-16
    rw   0.120    0.0141    66.538    0.000  1.267e-29
    rw   0.120    0.0142    56.039    0.000  4.596e-25
    rw   0.120    0.0143    60.337    0.000  6.254e-27
    rw   0.120    0.0144    46.944    0.000  4.098e-21
    rw   0.120    0.0146    67.277    0.000  6.051e-30
    rw   0.120    0.0147    69.808    0.000  4.817e-31
    rw   0.120    0.0147    48.823    0.000  6.258e-22
    rw   0.120    0.0148    64.659    0.000  8.298e-29
    rw   0.120    0.0152    52.719    0.000  1.271e-23
    rw   0.160    0.0148    46.292    0.000  7.861e-21
    rw   0.160    0.0155    69.207   -0.000  8.788e-31
    rw   0.160    0.0164    49.763    0.000  2.445e-22
    rw   0.160    0.0166    68.919    0.000  1.172e-30
    rw   0.160    0.0167    75.220   -0.000  2.149e-33
    rw   0.160    0.0169    71.725    0.000  7.084e-32
    rw   0.160    0.0170    78.515    0.000  7.966e-35
    rw   0.160    0.0171    95.804    0.000  2.470e-42
    rw   0.160    0.0172    76.172    0.000  8.293e-34
    rw   0.160    0.0172    61.276   -0.000  2.444e-27
    rw   0.160    0.0172    82.161    0.000  2.079e-36
    rw   0.160    0.0173    73.742   -0.000  9.425e-33
    rw   0.160    0.0173    79.117    0.000  4.366e-35
    rw   0.160    0.0173    64.722    0.000  7.794e-29
    rw   0.160    0.0175    65.173    0.000  4.965e-29
    rw   0.160    0.0176    76.912   -0.000  3.960e-34
    rw   0.160    0.0176    71.073    0.000  1.359e-31
    rw   0.160    0.0176    64.108    0.000  1.440e-28
    rw   0.160    0.0177    60.387    0.000  5.948e-27
    rw   0.160    0.0177    65.022    0.000  5.770e-29
    rw   0.160    0.0177    69.370    0.000  7.467e-31
    rw   0.160    0.0178    80.983    0.000  6.751e-36
    rw   0.160    0.0178    74.393    0.000  4.913e-33
    rw   0.160    0.0179    71.249    0.000  1.140e-31
    rw   0.160    0.0181    67.966    0.000  3.038e-30
    rw   0.160    0.0181    60.399    0.000  5.874e-27
    rw   0.160    0.0182    78.791    0.000  6.047e-35
    rw   0.160    0.0182    71.888    0.000  6.019e-32
    rw   0.160    0.0184    76.636    0.000  5.217e-34
    rw   0.160    0.0184    96.857    0.000  8.622e-43
    rw   0.160    0.0185    75.997    0.000  9.883e-34
    rw   0.160    0.0186    70.284    0.000  2.992e-31
    rw   0.160    0.0186    69.908   -0.000  4.357e-31
    rw   0.160    0.0186    75.596    0.000  1.476e-33
    rw   0.160    0.0187    71.600    0.000  8.029e-32
    rw   0.160    0.0187    87.461    0.000  1.038e-38
    rw   0.160    0.0189    78.165    0.000  1.131e-34
    rw   0.160    0.0190    95.253    0.000  4.286e-42
    rw   0.160    0.0201    88.801    0.000  2.718e-39
    rw   0.160    0.0205    95.541    0.000  3.213e-42

 drift   0.020    0.0038    10.273   -4.844  2.721e-07
 drift   0.020    0.0039     7.379   -4.404  7.629e-06
 drift   0.020    0.0041    12.679   -0.060  2.936e-06
 drift   0.020    0.0041    13.430   -1.321  3.924e-07
 drift   0.020    0.0042     7.818   -7.570  2.077e-07
 drift   0.020    0.0042    11.125   -3.188  6.082e-07
 drift   0.020    0.0042    14.107   -4.448  8.742e-09
 drift   0.020    0.0042    11.125   -3.243  5.753e-07
 drift   0.020    0.0042     4.322   -6.305  2.425e-05
 drift   0.020    0.0043     8.883   -3.024  6.747e-06
 drift   0.020    0.0043    10.123   -7.898  1.492e-08
 drift   0.020    0.0043     5.563   -5.582  1.445e-05
 drift   0.020    0.0043    11.175   -3.215  5.630e-07
 drift   0.020    0.0044    10.962   -7.276  1.200e-08
 drift   0.020    0.0044    12.879    0.492  4.172e-06
 drift   0.020    0.0044    14.984    0.526  5.261e-07
 drift   0.020    0.0044    12.077   -1.551  1.206e-06
 drift   0.020    0.0044    12.090   -1.448  1.320e-06
 drift   0.020    0.0044    13.681   -5.634  4.090e-09
 drift   0.020    0.0044     7.868   -5.888  1.061e-06
 drift   0.020    0.0044    12.691    1.609  1.538e-05
 drift   0.020    0.0045    11.150   -4.055  2.493e-07
 drift   0.020    0.0045     8.519   -6.199  4.054e-07
 drift   0.020    0.0045     8.883   -2.397  1.263e-05
 drift   0.020    0.0045    13.593   -2.804  7.566e-08
 drift   0.020    0.0046    10.273    0.070  3.705e-05
 drift   0.020    0.0046     7.329    1.620  3.315e-03
 drift   0.020    0.0046    15.072   -9.047  3.351e-11
 drift   0.020    0.0046     8.933    1.106  3.988e-04
 drift   0.020    0.0046    12.278   -7.824  1.861e-09
 drift   0.020    0.0046    12.528   -4.040  6.377e-08
 drift   0.020    0.0047    13.393    4.024  8.536e-05
 drift   0.020    0.0048    13.881   -6.006  2.307e-09
 drift   0.020    0.0048    14.408   -6.851  5.856e-10
 drift   0.020    0.0048    11.526   -4.366  1.253e-07
 drift   0.020    0.0048    11.539   -1.143  3.108e-06
 drift   0.020    0.0048    10.411   -8.319  7.342e-09
 drift   0.020    0.0049    15.848   -1.692  2.411e-08
 drift   0.020    0.0049    10.399   -7.269  2.124e-08
 drift   0.020    0.0051    12.541   -8.337  8.568e-10
 drift   0.040    0.0039     7.266  -19.473  2.439e-12
 drift   0.040    0.0040    12.954  -19.963  5.059e-15
 drift   0.040    0.0040     8.156  -16.572  1.823e-11
 drift   0.040    0.0041    14.069  -11.341  9.210e-12
 drift   0.040    0.0041    10.123  -14.168  2.823e-11
 drift   0.040    0.0041    10.662  -24.871  3.700e-16
 drift   0.040    0.0042     9.534  -24.395  1.840e-15
 drift   0.040    0.0042     7.454  -18.125  7.782e-12
 drift   0.040    0.0043    11.889   -3.026  3.328e-07
 drift   0.040    0.0043     8.607  -20.401  2.524e-13
 drift   0.040    0.0043    11.676  -10.761  1.802e-10
 drift   0.040    0.0043     7.317  -10.247  2.356e-08
 drift   0.040    0.0043     9.321  -14.252  5.784e-11
 drift   0.040    0.0044     5.725  -14.528  1.600e-09
 drift   0.040    0.0044    14.558  -10.702  1.071e-11
 drift   0.040    0.0044     4.285  -20.415  1.874e-11
 drift   0.040    0.0044     6.891  -18.804  6.935e-12
 drift   0.040    0.0045     8.407  -21.334  1.213e-13
 drift   0.040    0.0045    14.834   -6.667  4.598e-10
 drift   0.040    0.0045     9.221  -22.362  1.923e-14
 drift   0.040    0.0045     7.981  -24.198  1.059e-14
 drift   0.040    0.0045    11.601  -11.539  8.915e-11
 drift   0.040    0.0046     8.181  -30.873  1.094e-17
 drift   0.040    0.0046    10.248  -17.721  7.128e-13
 drift   0.040    0.0046    11.288  -11.355  1.466e-10
 drift   0.040    0.0046    12.892  -17.609  5.670e-14
 drift   0.040    0.0046    11.914  -24.813  1.121e-16
 drift   0.040    0.0047    11.940  -20.329  9.677e-15
 drift   0.040    0.0047    13.455  -19.833  3.492e-15
 drift   0.040    0.0047     9.534  -16.772  3.760e-12
 drift   0.040    0.0047     3.445  -29.014  8.002e-15
 drift   0.040    0.0047    14.984  -20.290  4.796e-16
 drift   0.040    0.0048    10.449  -18.331  3.170e-13
 drift   0.040    0.0048     8.770  -15.397  3.196e-11
 drift   0.040    0.0049    10.373  -18.039  4.577e-13
 drift   0.040    0.0049    12.553  -12.925  8.608e-12
 drift   0.040    0.0050    16.224   -6.272  1.698e-10
 drift   0.040    0.0050     8.219  -15.672  4.212e-11
 drift   0.040    0.0051    13.355   -8.797  2.396e-10
 drift   0.040    0.0052    11.238  -20.377  1.861e-14
 drift   0.070    0.0042     2.618  -34.231  9.919e-17
 drift   0.070    0.0043     6.415  -48.506  1.407e-24
 drift   0.070    0.0043     2.305  -48.470  8.885e-23
 drift   0.070    0.0044    11.213  -52.965  1.343e-28
 drift   0.070    0.0044    10.674  -58.788  6.806e-31
 drift   0.070    0.0045     5.036  -53.700  3.099e-26
 drift   0.070    0.0045     8.118  -52.547  4.501e-27
 drift   0.070    0.0045     6.026  -45.970  2.620e-23
 drift   0.070    0.0046    10.186  -40.220  1.285e-22
 drift   0.070    0.0046     8.168  -50.389  3.706e-26
 drift   0.070    0.0046    10.211  -26.520  1.117e-16
 drift   0.070    0.0046    12.867  -48.832  1.602e-27
 drift   0.070    0.0046     7.655  -52.933  4.866e-27
 drift   0.070    0.0047     5.688  -52.623  4.741e-26
 drift   0.070    0.0047     8.194  -64.287  3.327e-32
 drift   0.070    0.0047     9.484  -58.217  3.962e-30
 drift   0.070    0.0047    10.261  -61.202  9.209e-32
 drift   0.070    0.0047     4.260  -65.383  5.685e-31
 drift   0.070    0.0047     6.026  -58.660  8.078e-29
 drift   0.070    0.0047     5.011  -59.652  8.257e-29
 drift   0.070    0.0048     8.607  -72.045  9.399e-36
 drift   0.070    0.0048     5.763  -29.361  5.571e-16
 drift   0.070    0.0048     9.158  -46.089  1.015e-24
 drift   0.070    0.0049     8.544  -60.392  1.151e-30
 drift   0.070    0.0049     4.798  -76.542  4.726e-36
 drift   0.070    0.0050     4.235  -69.860  6.625e-33
 drift   0.070    0.0050     7.154  -53.236  5.928e-27
 drift   0.070    0.0050     6.051  -61.040  7.292e-30
 drift   0.070    0.0050     7.454  -62.736  3.286e-31
 drift   0.070    0.0050    13.518  -54.392  3.214e-30
 drift   0.070    0.0051     8.920  -63.332  4.180e-32
 drift   0.070    0.0051     6.715  -55.130  1.383e-27
 drift   0.070    0.0051     6.440  -60.294  1.042e-29
 drift   0.070    0.0051     8.895  -68.314  2.942e-34
 drift   0.070    0.0052    10.148  -61.179  1.054e-31
 drift   0.070    0.0052     6.866  -68.777  1.409e-33
 drift   0.070    0.0053     3.921  -77.829  3.136e-36
 drift   0.070    0.0053    12.666  -47.657  6.339e-27
 drift   0.070    0.0055     8.419  -71.893  1.320e-35
 drift   0.070    0.0055     9.709  -82.156  1.269e-40
 drift   0.100    0.0046     9.083  -83.941  3.983e-41
 drift   0.100    0.0047     3.571 -102.527  8.363e-47
 drift   0.100    0.0047     9.572 -117.898  4.370e-56
 drift   0.100    0.0048     5.763 -117.134  4.231e-54
 drift   0.100    0.0049    10.110 -100.436  9.781e-49
 drift   0.100    0.0049     9.647 -107.029  2.130e-51
 drift   0.100    0.0049     6.101  -98.582  3.440e-46
 drift   0.100    0.0049     8.118 -128.979  2.881e-60
 drift   0.100    0.0049     5.851 -107.194  8.043e-50
 drift   0.100    0.0050     8.607 -110.272  2.352e-52
 drift   0.100    0.0050    13.105 -105.817  2.255e-52
 drift   0.100    0.0050     9.835 -103.622  5.325e-50
 drift   0.100    0.0050     0.927 -108.784  2.254e-48
 drift   0.100    0.0051     7.154 -120.463  3.773e-56
 drift   0.100    0.0051     7.642 -117.389  5.005e-55
 drift   0.100    0.0051     5.300 -106.190  3.808e-49
 drift   0.100    0.0052     2.894 -110.767  4.343e-50
 drift   0.100    0.0052     7.028 -117.653  7.108e-55
 drift   0.100    0.0052    12.115  -98.476  9.356e-49
 drift   0.100    0.0052    13.004 -121.791  2.879e-59
 drift   0.100    0.0052     8.281 -104.757  8.089e-50
 drift   0.100    0.0053     6.715  -98.994  1.234e-46
 drift   0.100    0.0053    10.862 -113.259  1.244e-54
 drift   0.100    0.0053     8.043 -116.042  1.290e-54
 drift   0.100    0.0053     8.419 -114.487  4.194e-54
 drift   0.100    0.0053    12.002 -121.006  1.719e-58
 drift   0.100    0.0054     5.826 -132.058  1.312e-60
 drift   0.100    0.0054     7.367 -130.444  1.411e-60
 drift   0.100    0.0054     7.229 -118.123  3.632e-55
 drift   0.100    0.0054    11.238 -115.832  6.523e-56
 drift   0.100    0.0055     4.535 -134.134  5.981e-61
 drift   0.100    0.0055     7.129 -119.589  9.277e-56
 drift   0.100    0.0055     8.081 -127.203  1.765e-59
 drift   0.100    0.0055    12.052 -131.985  2.788e-63
 drift   0.100    0.0055    10.323 -105.104  7.419e-51
 drift   0.100    0.0055     9.659 -143.304  3.707e-67
 drift   0.100    0.0056     8.795 -116.570  3.588e-55
 drift   0.100    0.0056     7.805 -117.816  2.775e-55
 drift   0.100    0.0058     7.028 -128.722  1.108e-59
 drift   0.100    0.0059     3.195 -136.908  1.426e-61
 drift   0.140    0.0052     4.473 -181.176  2.366e-81
 drift   0.140    0.0053     5.913 -210.124  1.501e-94
 drift   0.140    0.0053    11.401 -199.369  2.909e-92
 drift   0.140    0.0056     2.305 -208.296  3.445e-92
 drift   0.140    0.0056     6.302 -201.644  4.900e-91
 drift   0.140    0.0057     6.001 -184.796  1.373e-83
 drift   0.140    0.0057     6.828 -205.495  6.155e-93
 drift   0.140    0.0057     7.429 -216.287  6.941e-98
 drift   0.140    0.0058     1.102 -212.053  2.677e-93
 drift   0.140    0.0058     9.985 -221.188 4.006e-101
 drift   0.140    0.0058     7.880 -219.354  2.058e-99
 drift   0.140    0.0058     5.137 -249.187 3.536e-111
 drift   0.140    0.0058     7.717 -227.280 8.745e-103
 drift   0.140    0.0058     4.109 -200.142  1.972e-89
 drift   0.140    0.0059     4.585 -228.427 6.371e-102
 drift   0.140    0.0059     5.362 -247.357 1.759e-110
 drift   0.140    0.0059     5.024 -214.937  2.967e-96
 drift   0.140    0.0060     6.001 -252.074 8.308e-113
 drift   0.140    0.0060     3.470 -182.351  1.990e-81
 drift   0.140    0.0060     6.577 -187.027  8.295e-85
 drift   0.140    0.0061    10.637 -198.428  1.602e-91
 drift   0.140    0.0061     4.009 -214.724  1.012e-95
 drift   0.140    0.0061     9.258 -225.780 8.399e-103
 drift   0.140    0.0061    11.752 -250.482 1.298e-114
 drift   0.140    0.0061    10.048 -209.178  6.184e-96
 drift   0.140    0.0061     6.678 -209.974  8.115e-95
 drift   0.140    0.0061     4.573 -239.177 1.383e-106
 drift   0.140    0.0061     8.043 -215.409  9.032e-98
 drift   0.140    0.0061     8.670 -220.954 1.887e-100
 drift   0.140    0.0061     4.498 -237.610 7.147e-106
 drift   0.140    0.0061     6.515 -192.978  2.299e-87
 drift   0.140    0.0062     4.397 -217.603  3.859e-97
 drift   0.140    0.0062     5.061 -239.873 4.230e-107
 drift   0.140    0.0063     7.504 -243.468 1.009e-109
 drift   0.140    0.0063     4.498 -249.401 5.410e-111
 drift   0.140    0.0063    10.749 -231.058 9.646e-106
 drift   0.140    0.0066     9.271 -226.824 2.919e-103
 drift   0.140    0.0068     5.187 -262.130 8.054e-117
 drift   0.140    0.0068     3.608 -264.921 2.394e-117
 drift   0.140    0.0068     3.784 -255.607 2.228e-113
 drift   0.180    0.0060     4.297 -328.121 4.293e-145
 drift   0.180    0.0061     7.266 -327.921 2.690e-146
 drift   0.180    0.0062     5.876 -324.736 2.612e-144
 drift   0.180    0.0063     4.097 -329.717 1.063e-145
 drift   0.180    0.0063     8.620 -325.532 7.582e-146
 drift   0.180    0.0064     8.757 -342.794 2.105e-153
 drift   0.180    0.0064     3.997 -360.778 3.806e-159
 drift   0.180    0.0065     4.285 -337.289 4.531e-149
 drift   0.180    0.0065     2.005 -322.452 1.231e-141
 drift   0.180    0.0066     2.343 -351.772 1.621e-154
 drift   0.180    0.0067    10.474 -339.604 9.184e-153
 drift   0.180    0.0067    -0.050 -357.118 8.051e-156
 drift   0.180    0.0067     4.535 -388.488 2.052e-171
 drift   0.180    0.0067     4.134 -360.419 4.748e-159
 drift   0.180    0.0067     4.235 -356.437 2.302e-157
 drift   0.180    0.0067    11.012 -360.216 5.992e-162
 drift   0.180    0.0068     3.019 -326.810 5.712e-144
 drift   0.180    0.0068     8.181 -372.794 3.505e-166
 drift   0.180    0.0068     5.024 -353.477 2.019e-156
 drift   0.180    0.0068     8.519 -348.703 7.248e-156
 drift   0.180    0.0068     5.149 -355.018 3.815e-157
 drift   0.180    0.0068     7.154 -356.107 1.729e-158
 drift   0.180    0.0068     8.469 -345.280 2.337e-154
 drift   0.180    0.0069     6.126 -385.910 5.504e-171
 drift   0.180    0.0069     7.066 -362.486 3.203e-161
 drift   0.180    0.0070    10.098 -341.805 1.481e-153
 drift   0.180    0.0070     7.680 -397.554 1.021e-176
 drift   0.180    0.0070     4.848 -361.858 5.511e-160
 drift   0.180    0.0070     3.520 -402.741 3.654e-177
 drift   0.180    0.0071     5.776 -370.014 6.260e-164
 drift   0.180    0.0071    10.148 -357.303 2.618e-160
 drift   0.180    0.0072     9.446 -369.399 2.949e-165
 drift   0.180    0.0072     7.404 -363.175 1.146e-161
 drift   0.180    0.0072     4.510 -379.316 2.024e-167
 drift   0.180    0.0072     3.934 -373.938 7.806e-165
 drift   0.180    0.0072     7.555 -369.727 1.409e-164
 drift   0.180    0.0073     6.527 -357.922 5.268e-159
 drift   0.180    0.0073     5.099 -383.834 1.226e-169
 drift   0.180    0.0073     5.989 -354.599 2.506e-157
 drift   0.180    0.0073    10.161 -386.608 4.848e-173

radius 1.14  waters 201
  move    step    RMS nm     dU/kT     logH     accept
    rw   0.020    0.0021    14.809    0.000  3.705e-07
    rw   0.020    0.0021    11.426    0.000  1.091e-05
    rw   0.020    0.0021    13.919    0.000  9.017e-07
    rw   0.020    0.0021     7.893    0.000  3.734e-04
    rw   0.020    0.0021    14.320    0.000  6.039e-07
    rw   0.020    0.0021    12.754    0.000  2.891e-06
    rw   0.020    0.0021    13.932    0.000  8.904e-07
    rw   0.020    0.0021    13.881    0.000  9.362e-07
    rw   0.020    0.0022    14.984    0.000  3.109e-07
    rw   0.020    0.0022    11.689    0.000  8.386e-06
    rw   0.020    0.0022    14.182    0.000  6.931e-07
    rw   0.020    0.0022    23.603    0.000  5.612e-11
    rw   0.020    0.0022    11.739   -0.000  7.976e-06
    rw   0.020    0.0022    12.654    0.000  3.196e-06
    rw   0.020    0.0022    16.024    0.000  1.099e-07
    rw   0.020    0.0022    15.585    0.000  1.704e-07
    rw   0.020    0.0022    20.872    0.000  8.616e-10
    rw   0.020    0.0022     8.958    0.000  1.287e-04
    rw   0.020    0.0022    14.445    0.000  5.328e-07
    rw   0.020    0.0022    15.924    0.000  1.215e-07
    rw   0.020    0.0022     9.835    0.000  5.356e-05
    rw   0.020    0.0022    12.904    0.000  2.488e-06
    rw   0.020    0.0022    11.476    0.000  1.038e-05
    rw   0.020    0.0022     9.158    0.000  1.053e-04
    rw   0.020    0.0022    18.091    0.000  1.391e-08
    rw   0.020    0.0022    18.191    0.000  1.258e-08
    rw   0.020    0.0022    11.990    0.000  6.208e-06
    rw   0.020    0.0023    15.473    0.000  1.907e-07
    rw   0.020    0.0023     8.557    0.000  1.922e-04
    rw   0.020    0.0023    13.756    0.000  1.061e-06
    rw   0.020    0.0023    14.383    0.000  5.672e-07
    rw   0.020    0.0023    16.224    0.000  8.993e-08
    rw   0.020    0.0023    14.395    0.000  5.601e-07
    rw   0.020    0.0023    16.600    0.000  6.176e-08
    rw   0.020    0.0023    22.300    0.000  2.065e-10
    rw   0.020    0.0023     8.557    0.000  1.922e-04
    rw   0.020    0.0023    16.024    0.000  1.099e-07
    rw   0.020    0.0023    14.583    0.000  4.642e-07
    rw   0.020    0.0023    14.771    0.000  3.846e-07
    rw   0.020    0.0023    11.889    0.000  6.863e-06
    rw   0.040    0.0041    33.927    0.000  1.844e-15
    rw   0.040    0.0041    30.181    0.000  7.810e-14
    rw   0.040    0.0042    17.089    0.000  3.789e-08
    rw   0.040    0.0042    29.179    0.000  2.128e-13
    rw   0.040    0.0042    33.952    0.000  1.798e-15
    rw   0.040    0.0042    34.415    0.000  1.131e-15
    rw   0.040    0.0043    26.748    0.000  2.418e-12
    rw   0.040    0.0043    28.941    0.000  2.700e-13
    rw   0.040    0.0043    35.380    0.000  4.311e-16
    rw   0.040    0.0043    19.118    0.000  4.978e-09
    rw   0.040    0.0043    23.904    0.000  4.155e-11
    rw   0.040    0.0043    41.068    0.000  1.460e-18
    rw   0.040    0.0043    27.487    0.000  1.155e-12
    rw   0.040    0.0043    34.077    0.000  1.587e-15
    rw   0.040    0.0043    13.506    0.000  1.363e-06
    rw   0.040    0.0043    26.598    0.000  2.810e-12
    rw   0.040    0.0044    24.418    0.000  2.486e-11
    rw   0.040    0.0044    26.648    0.000  2.673e-12
    rw   0.040    0.0044    10.186    0.000  3.771e-05
    rw   0.040    0.0044    28.277    0.000  5.244e-13
    rw   0.040    0.0044    32.937    0.000  4.961e-15
    rw   0.040    0.0044    31.033    0.000  3.331e-14
    rw   0.040    0.0044    37.209    0.000  6.922e-17
    rw   0.040    0.0044    22.513    0.000  1.669e-10
    rw   0.040    0.0044    23.190    0.000  8.486e-11
    rw   0.040    0.0044    29.579    0.000  1.425e-13
    rw   0.040    0.0045    21.624    0.000  4.063e-10
    rw   0.040    0.0045    31.246    0.000  2.692e-14
    rw   0.040    0.0045    21.085    0.000  6.963e-10
    rw   0.040    0.0045    25.245    0.000  1.087e-11
    rw   0.040    0.0045    25.871    0.000  5.812e-12
    rw   0.040    0.0045    35.981    0.000  2.363e-16
    rw   0.040    0.0045    34.541    0.000  9.981e-16
    rw   0.040    0.0045    34.353    0.000  1.204e-15
    rw   0.040    0.0046    15.297    0.000  2.273e-07
    rw   0.040    0.0046    20.133    0.000  1.804e-09
    rw   0.040    0.0046    22.726    0.000  1.349e-10
    rw   0.040    0.0046    31.384    0.000  2.346e-14
    rw   0.040    0.0047    38.074    0.000  2.916e-17
    rw   0.040    0.0047    38.061    0.000  2.953e-17
    rw   0.060    0.0063    43.235    0.000  1.671e-19
    rw   0.060    0.0063    53.033    0.000  9.295e-24
    rw   0.060    0.0063    56.077    0.000  4.427e-25
    rw   0.060    0.0064    37.485    0.000  5.254e-17
    rw   0.060    0.0064    48.535    0.000  8.348e-22
    rw   0.060    0.0065    50.076    0.000  1.788e-22
    rw   0.060    0.0065    49.963    0.000  2.001e-22
    rw   0.060    0.0065    50.865    0.000  8.120e-23
    rw   0.060    0.0066    45.102    0.000  2.585e-20
    rw   0.060    0.0066    56.077    0.000  4.427e-25
    rw   0.060    0.0066    58.608    0.000  3.524e-26
    rw   0.060    0.0066    38.512    0.000  1.881e-17
    rw   0.060    0.0066    47.746    0.000  1.838e-21
    rw   0.060    0.0066    56.340    0.000  3.403e-25
    rw   0.060    0.0066    51.567    0.000  4.026e-23
    rw   0.060    0.0066    39.151    0.000  9.928e-18
    rw   0.060    0.0066    51.730    0.000  3.421e-23
    rw   0.060    0.0066    41.156    0.000  1.338e-18
    rw   0.060    0.0066    52.394    0.000  1.761e-23
    rw   0.060    0.0067    62.592    0.000  6.558e-28
    rw   0.060    0.0067    43.824    0.000  9.276e-20
    rw   0.060    0.0067    45.541    0.000  1.667e-20
    rw   0.060    0.0067    65.599    0.000  3.243e-29
    rw   0.060    0.0067    48.034    0.000  1.378e-21
    rw   0.060    0.0067    52.030    0.000  2.532e-23
    rw   0.060    0.0067    33.902    0.000  1.891e-15
    rw   0.060    0.0067    61.514    0.000  1.926e-27
    rw   0.060    0.0067    69.971    0.000  4.093e-31
    rw   0.060    0.0067    61.652    0.000  1.678e-27
    rw   0.060    0.0068    46.731    0.000  5.071e-21
    rw   0.060    0.0068    47.307    0.000  2.850e-21
    rw   0.060    0.0068    60.086    0.000  8.034e-27
    rw   0.060    0.0068    49.387    0.000  3.561e-22
    rw   0.060    0.0068    57.593    0.000  9.721e-26
    rw   0.060    0.0068    52.995    0.000  9.651e-24
    rw   0.060    0.0068    53.559    0.000  5.492e-24
    rw   0.060    0.0068    62.917    0.000  4.735e-28
    rw   0.060    0.0069    62.253    0.000  9.197e-28
    rw   0.060    0.0070    33.576   -0.000  2.619e-15
    rw   0.060    0.0070    57.104    0.000  1.585e-25
    rw   0.090    0.0093    99.763    0.000  4.713e-44
    rw   0.090    0.0093   106.053    0.000  8.748e-47
    rw   0.090    0.0093    98.210    0.000  2.228e-43
    rw   0.090    0.0094   105.063    0.000  2.354e-46
    rw   0.090    0.0094    77.764   -0.000  1.689e-34
    rw   0.090    0.0095   107.757    0.000  1.592e-47
    rw   0.090    0.0095    92.196    0.000  9.113e-41
    rw   0.090    0.0096    92.271    0.000  8.453e-41
    rw   0.090    0.0096   113.106    0.000  7.562e-50
    rw   0.090    0.0097   115.599    0.000  6.250e-51
    rw   0.090    0.0097   101.768    0.000  6.350e-45
    rw   0.090    0.0098    93.249    0.000  3.181e-41
    rw   0.090    0.0098   112.993    0.000  8.465e-50
    rw   0.090    0.0098   101.267    0.000  1.048e-44
    rw   0.090    0.0098   130.683    0.000  1.758e-57
    rw   0.090    0.0098    91.545    0.000  1.748e-40
    rw   0.090    0.0098   109.110    0.000  4.114e-48
    rw   0.090    0.0099    77.125    0.000  3.200e-34
    rw   0.090    0.0099    88.789    0.000  2.752e-39
    rw   0.090    0.0099    93.900    0.000  1.658e-41
    rw   0.090    0.0099    91.119    0.000  2.677e-40
    rw   0.090    0.0100   129.719    0.000  4.612e-57
    rw   0.090    0.0100   112.680    0.000  1.158e-49
    rw   0.090    0.0100   108.784    0.000  5.699e-48
    rw   0.090    0.0100   118.117    0.000  5.038e-52
    rw   0.090    0.0100   121.813    0.000  1.251e-53
    rw   0.090    0.0100   101.104    0.000  1.233e-44
    rw   0.090    0.0100   115.862    0.000  4.804e-51
    rw   0.090    0.0101   100.665    0.000  1.912e-44
    rw   0.090    0.0101    90.317    0.000  5.968e-40
    rw   0.090    0.0101   119.095    0.000  1.896e-52
    rw   0.090    0.0102    98.034    0.000  2.656e-43
    rw   0.090    0.0102   103.848    0.000  7.935e-46
    rw   0.090    0.0102   119.195    0.000  1.715e-52
    rw   0.090    0.0103   110.400    0.000  1.132e-48
    rw   0.090    0.0104    84.830    0.000  1.442e-37
    rw   0.090    0.0104   116.977    0.000  1.575e-51
    rw   0.090    0.0104   127.514    0.000  4.183e-56
    rw   0.090    0.0105    99.738    0.000  4.833e-44
    rw   0.090    0.0105   116.000    0.000  4.186e-51
    rw   0.120    0.0123   174.395    0.000  1.825e-76
    rw   0.120    0.0124   149.877    0.000  8.115e-66
    rw   0.120    0.0125   147.246    0.000  1.127e-64
    rw   0.120    0.0126   179.607    0.000  9.949e-79
    rw   0.120    0.0127   180.321    0.000  4.871e-79
    rw   0.120    0.0127   171.802    0.000  2.441e-75
    rw   0.120    0.0128   181.348    0.000  1.744e-79
    rw   0.120    0.0129   191.020    0.000  1.099e-83
    rw   0.120    0.0129   177.640    0.000  7.113e-78
    rw   0.120    0.0129   207.081    0.000  1.163e-90
    rw   0.120    0.0129   139.779    0.000  1.971e-61
    rw   0.120    0.0130   187.349    0.000  4.318e-82
    rw   0.120    0.0130   155.916    0.000  1.935e-68
    rw   0.120    0.0130   203.022    0.000  6.738e-89
    rw   0.120    0.0130   177.289    0.000  1.010e-77
    rw   0.120    0.0130   156.630    0.000  9.475e-69
    rw   0.120    0.0130   144.916    0.000  1.159e-63
    rw   0.120    0.0131   194.140    0.000  4.855e-85
    rw   0.120    0.0131   170.762    0.000  6.905e-75
    rw   0.120    0.0131   175.410    0.000  6.615e-77
    rw   0.120    0.0131   145.968    0.000  4.045e-64
    rw   0.120    0.0131   195.443    0.000  1.319e-85
    rw   0.120    0.0132   165.863    0.000  9.259e-73
    rw   0.120    0.0132   202.471    0.000  1.169e-88
    rw   0.120    0.0132   207.633    0.000  6.703e-91
    rw   0.120    0.0132   188.752    0.000  1.061e-82
    rw   0.120    0.0132   199.251    0.000  2.926e-87
    rw   0.120    0.0133   184.242    0.000  9.652e-81
    rw   0.120    0.0133   205.252    0.000  7.245e-90
    rw   0.120    0.0134   189.066    0.000  7.760e-83
    rw   0.120    0.0134   217.029    0.000  5.566e-95
    rw   0.120    0.0134   191.559    0.000  6.413e-84
    rw   0.120    0.0136   168.168    0.000  9.235e-74
    rw   0.120    0.0136   232.451    0.000 1.116e-101
    rw   0.120    0.0136   198.036    0.000  9.865e-87
    rw   0.120    0.0136   200.454    0.000  8.790e-88
    rw   0.120    0.0137   217.931    0.000  2.258e-95
    rw   0.120    0.0138   213.020    0.000  3.066e-93
    rw   0.120    0.0139   185.783    0.000  2.067e-81
    rw   0.120    0.0142   190.369    0.000  2.108e-83
    rw   0.160    0.0160   220.487    0.000  1.753e-96
    rw   0.160    0.0164   242.349    0.000 5.614e-106
    rw   0.160    0.0167   306.782    0.000 5.837e-134
    rw   0.160    0.0168   291.234    0.000 3.300e-127
    rw   0.160    0.0170   307.521    0.000 2.787e-134
    rw   0.160    0.0170   244.253    0.000 8.360e-107
    rw   0.160    0.0171   256.005    0.000 6.585e-112
    rw   0.160    0.0172   312.232    0.000 2.508e-136
    rw   0.160    0.0172   296.146    0.000 2.430e-129
    rw   0.160    0.0172   327.805    0.000 4.327e-143
    rw   0.160    0.0172   298.764    0.000 1.772e-130
    rw   0.160    0.0173   268.947    0.000 1.578e-117
    rw   0.160    0.0174   356.269    0.000 1.880e-155
    rw   0.160    0.0174   338.842    0.000 6.961e-148
    rw   0.160    0.0175   318.759    0.000 3.669e-139
    rw   0.160    0.0175   322.205    0.000 1.170e-140
    rw   0.160    0.0176   341.097    0.000 7.299e-149
    rw   0.160    0.0176   293.941    0.000 2.204e-128
    rw   0.160    0.0177   311.054    0.000 8.143e-136
    rw   0.160    0.0178   327.141    0.000 8.405e-143
    rw   0.160    0.0178   314.249    0.000 3.337e-137
    rw   0.160    0.0178   279.433    0.000 4.404e-122
    rw   0.160    0.0178   332.992    0.000 2.419e-145
    rw   0.160    0.0178   328.970    0.000 1.349e-143
    rw   0.160    0.0179   356.194    0.000 2.027e-155
    rw   0.160    0.0179   338.767   -0.000 7.504e-148
    rw   0.160    0.0179   365.979    0.000 1.141e-159
    rw   0.160    0.0179   346.936    0.000 2.127e-151
    rw   0.160    0.0179   269.548    0.000 8.646e-118
    rw   0.160    0.0180   299.854    0.000 5.957e-131
    rw   0.160    0.0180   356.946    0.000 9.559e-156
    rw   0.160    0.0181   322.180   -0.000 1.200e-140
    rw   0.160    0.0182   333.818    0.000 1.058e-145
    rw   0.160    0.0183   316.128    0.000 5.096e-138
    rw   0.160    0.0183   335.773    0.000 1.499e-146
    rw   0.160    0.0183   339.018    0.000 5.841e-148
    rw   0.160    0.0187   338.078    0.000 1.495e-147
    rw   0.160    0.0187   310.866    0.000 9.827e-136
    rw   0.160    0.0188   374.060    0.000 3.532e-163
    rw   0.160    0.0189   375.250    0.000 1.074e-163

 drift   0.020    0.0042    19.131  -18.748  3.545e-17
 drift   0.020    0.0042    25.357  -26.623  2.663e-23
 drift   0.020    0.0043    19.782  -16.848  1.235e-16
 drift   0.020    0.0043    26.974  -18.232  2.332e-20
 drift   0.020    0.0043    31.571   -7.288  1.329e-17
 drift   0.020    0.0043    19.707  -15.854  3.596e-16
 drift   0.020    0.0043    21.336   -8.061  1.711e-13
 drift   0.020    0.0044    19.106  -11.609  4.578e-14
 drift   0.020    0.0044    28.452  -20.871  3.795e-22
 drift   0.020    0.0044    39.176  -20.004  1.987e-26
 drift   0.020    0.0044    20.171  -12.953  4.115e-15
 drift   0.020    0.0044    29.016  -14.168  1.760e-19
 drift   0.020    0.0044    22.488  -10.389  5.267e-15
 drift   0.020    0.0044    18.429  -21.905  3.040e-18
 drift   0.020    0.0044    21.286  -17.577  1.325e-17
 drift   0.020    0.0044    14.896  -29.266  6.615e-20
 drift   0.020    0.0044    29.166  -16.420  1.594e-20
 drift   0.020    0.0044    33.037   -8.785  6.868e-19
 drift   0.020    0.0044    12.779  -21.493  1.305e-15
 drift   0.020    0.0044    32.649  -16.406  4.963e-22
 drift   0.020    0.0044    26.598  -22.163  6.662e-22
 drift   0.020    0.0044    27.688  -23.894  3.964e-23
 drift   0.020    0.0044    28.101   -1.007  2.283e-13
 drift   0.020    0.0045    25.207  -23.424  7.578e-22
 drift   0.020    0.0045    12.691  -20.426  4.142e-15
 drift   0.020    0.0045    16.625  -21.861  1.931e-17
 drift   0.020    0.0045    16.061  -15.451  2.062e-14
 drift   0.020    0.0045    17.527  -16.513  1.646e-15
 drift   0.020    0.0045    41.055   -6.639  1.935e-21
 drift   0.020    0.0045    27.136  -18.329  1.798e-20
 drift   0.020    0.0045    24.969  -17.383  4.044e-19
 drift   0.020    0.0045    22.664  -16.830  7.046e-18
 drift   0.020    0.0045    15.473  -14.570  8.969e-14
 drift   0.020    0.0045    28.201  -24.136  1.863e-23
 drift   0.020    0.0046    35.756  -13.520  3.980e-22
 drift   0.020    0.0046    31.772  -12.601  5.360e-20
 drift   0.020    0.0046    21.010  -30.959  2.692e-23
 drift   0.020    0.0046    12.503  -16.905  1.691e-13
 drift   0.020    0.0047    22.889  -24.660  2.237e-21
 drift   0.020    0.0047    28.853  -25.519  2.435e-24
 drift   0.040    0.0044     8.331  -75.029  6.266e-37
 drift   0.040    0.0044    25.771  -63.502  1.696e-39
 drift   0.040    0.0044    29.504  -60.268  1.029e-39
 drift   0.040    0.0044    13.744  -68.391  2.135e-36
 drift   0.040    0.0044    27.738  -84.351  2.091e-49
 drift   0.040    0.0044     9.396  -71.379  8.317e-36
 drift   0.040    0.0044     8.056  -75.024  8.294e-37
 drift   0.040    0.0044    13.731  -83.556  5.607e-43
 drift   0.040    0.0045    17.715  -99.576  1.151e-51
 drift   0.040    0.0045    21.687  -76.128  3.309e-43
 drift   0.040    0.0045    12.741  -93.936  4.685e-47
 drift   0.040    0.0045    20.922  -62.562  5.539e-37
 drift   0.040    0.0045    22.376  -78.567  1.449e-44
 drift   0.040    0.0045    30.306  -80.498  7.559e-49
 drift   0.040    0.0045    11.614  -79.507  2.670e-40
 drift   0.040    0.0045    16.588  -62.861  3.133e-35
 drift   0.040    0.0045    28.064  -57.253  8.864e-38
 drift   0.040    0.0045    23.654  -91.314  1.175e-50
 drift   0.040    0.0046     8.682  -77.871  2.574e-38
 drift   0.040    0.0046    22.889  -85.834  6.055e-48
 drift   0.040    0.0046     1.804  -71.541  1.402e-32
 drift   0.040    0.0046    24.931  -62.350  1.243e-38
 drift   0.040    0.0046    23.403  -56.365  2.275e-35
 drift   0.040    0.0046    26.949  -67.144  1.369e-41
 drift   0.040    0.0046    19.043  -70.752  1.006e-39
 drift   0.040    0.0046    13.017  -85.478  1.675e-43
 drift   0.040    0.0046    19.031  -91.226  1.307e-48
 drift   0.040    0.0046    17.878  -68.242  3.969e-38
 drift   0.040    0.0046    21.474  -84.119  1.385e-46
 drift   0.040    0.0046    21.135  -77.591  1.329e-43
 drift   0.040    0.0047    19.294  -83.051  3.568e-45
 drift   0.040    0.0047    30.594  -80.591  5.161e-49
 drift   0.040    0.0047    10.962  -83.114  1.390e-41
 drift   0.040    0.0047    25.019  -73.521  1.602e-43
 drift   0.040    0.0047    20.897  -79.663  2.124e-44
 drift   0.040    0.0047    13.694  -77.625  2.191e-40
 drift   0.040    0.0047    17.126  -87.138  5.232e-46
 drift   0.040    0.0047    10.850  -81.535  7.547e-41
 drift   0.040    0.0048    14.821  -88.425  1.448e-45
 drift   0.040    0.0048    15.335  -81.911  5.845e-43
 drift   0.070    0.0046    10.900 -206.387  4.300e-95
 drift   0.070    0.0047     3.796 -214.323  1.870e-95
 drift   0.070    0.0047     3.069 -186.751  3.647e-83
 drift   0.070    0.0047    12.641 -255.929 2.298e-117
 drift   0.070    0.0047     4.535 -240.717 3.077e-107
 drift   0.070    0.0047     6.790 -256.037 7.167e-115
 drift   0.070    0.0048     4.210 -235.818 5.718e-105
 drift   0.070    0.0048    14.257 -205.187  4.974e-96
 drift   0.070    0.0048    17.527 -229.817 3.799e-108
 drift   0.070    0.0048    -0.952 -273.579 1.535e-119
 drift   0.070    0.0048    -3.195 -294.726 1.005e-128
 drift   0.070    0.0048     5.475 -254.549 1.184e-113
 drift   0.070    0.0048    12.741 -256.819 8.541e-118
 drift   0.070    0.0048    21.361 -258.033 4.580e-122
 drift   0.070    0.0048     5.249 -214.409  4.014e-96
 drift   0.070    0.0049     3.007 -255.432 5.776e-113
 drift   0.070    0.0049    16.387 -243.859 9.477e-114
 drift   0.070    0.0049    20.547 -250.737 1.524e-118
 drift   0.070    0.0049     0.839 -251.312 3.106e-110
 drift   0.070    0.0049     6.101 -269.023 3.274e-120
 drift   0.070    0.0049     8.933 -273.350 2.549e-123
 drift   0.070    0.0049    24.368 -262.033 4.148e-125
 drift   0.070    0.0049     7.880 -264.197 6.893e-119
 drift   0.070    0.0049    22.288 -201.706  5.255e-98
 drift   0.070    0.0049     3.395 -261.428 9.748e-116
 drift   0.070    0.0049    14.132 -235.597 3.501e-109
 drift   0.070    0.0049    10.449 -296.029 7.914e-134
 drift   0.070    0.0049     8.895 -293.083 7.119e-132
 drift   0.070    0.0050     6.176 -271.315 3.069e-121
 drift   0.070    0.0050    11.701 -244.276 6.766e-112
 drift   0.070    0.0050     9.484 -258.398 4.576e-117
 drift   0.070    0.0050    18.893 -282.696 1.052e-131
 drift   0.070    0.0050     7.893 -258.838 1.447e-116
 drift   0.070    0.0050     8.331 -251.587 1.315e-113
 drift   0.070    0.0050    12.127 -270.177 2.493e-123
 drift   0.070    0.0050     7.379 -278.229 9.165e-125
 drift   0.070    0.0051    10.399 -277.033 1.479e-125
 drift   0.070    0.0051    17.402 -282.705 4.627e-131
 drift   0.070    0.0052    13.944 -264.785 8.902e-122
 drift   0.070    0.0052    -1.015 -268.673 2.075e-117
 drift   0.100    0.0051     0.702 -507.843 1.387e-221
 drift   0.100    0.0051    -0.864 -497.447 9.155e-217
 drift   0.100    0.0052     5.500 -535.993 6.800e-236
 drift   0.100    0.0052     6.941 -486.836 3.592e-215
 drift   0.100    0.0052     6.728 -473.075 4.212e-209
 drift   0.100    0.0052     0.952 -499.625 4.002e-218
 drift   0.100    0.0052    13.142 -491.741 5.394e-220
 drift   0.100    0.0052    22.100 -512.097 1.003e-232
 drift   0.100    0.0052    -6.552 -525.009 9.810e-229
 drift   0.100    0.0052    13.092 -529.426 2.441e-236
 drift   0.100    0.0053     4.047 -501.394 3.089e-220
 drift   0.100    0.0053    -3.558 -519.248 3.114e-226
 drift   0.100    0.0053    14.646 -515.027 9.249e-231
 drift   0.100    0.0053    11.326 -476.882 9.424e-213
 drift   0.100    0.0053     9.233 -515.237 1.680e-228
 drift   0.100    0.0053     9.334 -496.540 2.004e-220
 drift   0.100    0.0053    12.666 -485.593 4.063e-217
 drift   0.100    0.0053    13.668 -509.976 3.836e-228
 drift   0.100    0.0053    12.453 -507.258 1.960e-226
 drift   0.100    0.0054    15.811 -501.749 1.686e-225
 drift   0.100    0.0054     6.540 -497.638 1.092e-219
 drift   0.100    0.0054     7.805 -551.578 1.156e-243
 drift   0.100    0.0054     4.698 -577.517 1.404e-253
 drift   0.100    0.0054     9.058 -535.822 2.300e-237
 drift   0.100    0.0054     2.568 -517.778 1.039e-226
 drift   0.100    0.0054    -9.183 -542.810 1.823e-236
 drift   0.100    0.0055    13.192 -493.884 6.018e-221
 drift   0.100    0.0055     8.532 -487.504 3.753e-216
 drift   0.100    0.0055    12.140 -485.987 4.636e-217
 drift   0.100    0.0055    15.949 -521.797 2.885e-234
 drift   0.100    0.0055     5.926 -522.542 3.087e-230
 drift   0.100    0.0055    -2.431 -592.053 7.496e-258
 drift   0.100    0.0056     8.469 -524.405 3.763e-232
 drift   0.100    0.0056     3.583 -569.941 8.349e-250
 drift   0.100    0.0056     7.229 -581.544 1.992e-256
 drift   0.100    0.0056     9.321 -517.950 1.022e-229
 drift   0.100    0.0056     0.639 -555.838 2.114e-242
 drift   0.100    0.0056     7.542 -542.538 1.269e-239
 drift   0.100    0.0057     4.723 -533.510 1.771e-234
 drift   0.100    0.0057    -2.944 -553.152 5.876e-241
 drift   0.140    0.0058     9.133 -921.751  0.000e+00
 drift   0.140    0.0058     1.929 -968.913  0.000e+00
 drift   0.140    0.0059     7.805 -917.316  0.000e+00
 drift   0.140    0.0059    -2.067 -986.668  0.000e+00
 drift   0.140    0.0059     6.402 -997.543  0.000e+00
 drift   0.140    0.0059     5.487 -958.616  0.000e+00
 drift   0.140    0.0060     5.500 -939.745  0.000e+00
 drift   0.140    0.0060    16.074 -961.693  0.000e+00
 drift   0.140    0.0060    -8.018 -939.816  0.000e+00
 drift   0.140    0.0060    -1.779 -1015.041  0.000e+00
 drift   0.140    0.0060    16.074 -955.253  0.000e+00
 drift   0.140    0.0060     3.896 -981.327  0.000e+00
 drift   0.140    0.0060    -1.854 -967.198  0.000e+00
 drift   0.140    0.0061     9.860 -967.819  0.000e+00
 drift   0.140    0.0061     2.042 -977.153  0.000e+00
 drift   0.140    0.0061     1.015 -991.317  0.000e+00
 drift   0.140    0.0061    -5.863 -967.393  0.000e+00
 drift   0.140    0.0061    -2.456 -929.528  0.000e+00
 drift   0.140    0.0061   -10.010 -981.405  0.000e+00
 drift   0.140    0.0061     3.834 -984.476  0.000e+00
 drift   0.140    0.0061     3.458 -965.365  0.000e+00
 drift   0.140    0.0062    -3.057 -958.036  0.000e+00
 drift   0.140    0.0062     9.384 -991.814  0.000e+00
 drift   0.140    0.0062     3.784 -969.490  0.000e+00
 drift   0.140    0.0062    11.188 -947.093  0.000e+00
 drift   0.140    0.0062     2.468 -1018.833  0.000e+00
 drift   0.140    0.0062    17.289 -1011.905  0.000e+00
 drift   0.140    0.0062     3.871 -1054.817  0.000e+00
 drift   0.140    0.0062     8.594 -980.251  0.000e+00
 drift   0.140    0.0062     5.149 -961.343  0.000e+00
 drift   0.140    0.0062     0.113 -981.830  0.000e+00
 drift   0.140    0.0062     6.339 -978.289  0.000e+00
 drift   0.140    0.0062     3.809 -977.897  0.000e+00
 drift   0.140    0.0062     9.709 -981.904  0.000e+00
 drift   0.140    0.0062   -12.002 -984.381  0.000e+00
 drift   0.140    0.0063     0.789 -1006.173  0.000e+00
 drift   0.140    0.0063    -4.423 -1030.163  0.000e+00
 drift   0.140    0.0063   -10.561 -969.561  0.000e+00
 drift   0.140    0.0063    10.862 -1018.610  0.000e+00
 drift   0.140    0.0063     9.597 -994.540  0.000e+00
 drift   0.180    0.0067     3.784 -1507.485  0.000e+00
 drift   0.180    0.0068    -6.502 -1526.329  0.000e+00
 drift   0.180    0.0068     4.623 -1492.019  0.000e+00
 drift   0.180    0.0068    11.125 -1495.293  0.000e+00
 drift   0.180    0.0069     6.765 -1512.594  0.000e+00
 drift   0.180    0.0069    14.032 -1536.182  0.000e+00
 drift   0.180    0.0069     0.965 -1521.262  0.000e+00
 drift   0.180    0.0069    -3.220 -1539.908  0.000e+00
 drift   0.180    0.0069     4.899 -1527.700  0.000e+00
 drift   0.180    0.0069    13.418 -1550.999  0.000e+00
 drift   0.180    0.0069     0.388 -1586.901  0.000e+00
 drift   0.180    0.0069    -3.383 -1558.240  0.000e+00
 drift   0.180    0.0069     0.714 -1507.642  0.000e+00
 drift   0.180    0.0069     2.806 -1541.907  0.000e+00
 drift   0.180    0.0070    11.338 -1506.452  0.000e+00
 drift   0.180    0.0070     9.246 -1535.354  0.000e+00
 drift   0.180    0.0070   -14.170 -1533.620  0.000e+00
 drift   0.180    0.0070    12.992 -1499.921  0.000e+00
 drift   0.180    0.0070    -0.363 -1550.206  0.000e+00
 drift   0.180    0.0070     0.025 -1600.402  0.000e+00
 drift   0.180    0.0070     4.585 -1590.750  0.000e+00
 drift   0.180    0.0070     9.897 -1566.362  0.000e+00
 drift   0.180    0.0071     4.034 -1597.751  0.000e+00
 drift   0.180    0.0071    -0.363 -1602.725  0.000e+00
 drift   0.180    0.0071    16.086 -1605.634  0.000e+00
 drift   0.180    0.0071     3.044 -1577.699  0.000e+00
 drift   0.180    0.0071    11.213 -1545.721  0.000e+00
 drift   0.180    0.0071     2.092 -1641.036  0.000e+00
 drift   0.180    0.0071    18.717 -1585.391  0.000e+00
 drift   0.180    0.0071     7.918 -1625.124  0.000e+00
 drift   0.180    0.0071     7.743 -1639.004  0.000e+00
 drift   0.180    0.0071    12.578 -1534.824  0.000e+00
 drift   0.180    0.0071    -3.232 -1566.366  0.000e+00
 drift   0.180    0.0071    11.877 -1561.378  0.000e+00
 drift   0.180    0.0072    10.461 -1554.177  0.000e+00
 drift   0.180    0.0072     7.793 -1640.861  0.000e+00
 drift   0.180    0.0072    -2.243 -1570.580  0.000e+00
 drift   0.180    0.0072    -1.366 -1599.260  0.000e+00
 drift   0.180    0.0072    17.364 -1551.927  0.000e+00
 drift   0.180    0.0072    -6.039 -1593.069  0.000e+00

